2  NAND  35  ;
7  NAND  413  ;
10  NAND  176  ;
19  NAND  247  ;
21  NAND  1051 126  ;
27  NAND  1108 87  ;
32  NAND  407  ;
35  NAND  607  ;
44  NAND  667 279  ;
45  NAND  708  ;
51  NAND  1143  ;
57  NAND  1037  ;
67  NAND  608  ;
82  NAND  964  ;
87  NAND  720  ;
102  NAND  1370  ;
104  NAND  878 765  ;
108  NAND  383  ;
111  NAND  613  ;
113  NAND  1204  ;
120  NAND  1225  ;
123  NAND  44  ;
126  NAND  1165  ;
131  NAND  511  ;
133  NAND  935  ;
135  NAND  270  ;
143  NAND  1213  ;
151  NAND  297  ;
155  NAND  1602  ;
157  NAND  1245  ;
162  NAND  1428  ;
166  NAND  1204  ;
167  NAND  622  ;
168  NAND  607  ;
171  NAND  987 1478  ;
175  NAND  610  ;
191  NAND  209 390 454  ;
193  NAND  807  ;
195  NAND  1338  ;
199  NAND  1815  ;
205  NAND  1447  ;
208  NAND  1300  ;
209  NAND  472 1572  ;
214  NAND  1051 126  ;
217  NAND  1433 356 536  ;
222  NAND  1393 1012  ;
223  NAND  1015 865  ;
224  NAND  339  ;
230  NAND  1369  ;
232  NAND  1470 954  ;
236  NAND  777  ;
243  NAND  1074  ;
247  NAND  1240 1506  ;
248  NAND  738  ;
250  NAND  1632 277  ;
255  NAND  222  ;
266  NAND  309 1557  ;
269  NAND  271  ;
277  NAND  1512 1730 85 717 1082 835 1086 588 316 1254 307 324 1641 1770 27 516  ;
279  NAND  379 165  ;
280  NAND  1143  ;
286  NAND  1180  ;
288  NAND  1588  ;
290  NAND  892  ;
291  NAND  1795  ;
295  NAND  364  ;
297  NAND  668 1154  ;
298  NAND  1456  ;
309  NAND  1535  ;
311  NAND  269  ;
329  NAND  166 253  ;
331  NAND  1632  ;
339  NAND  1537  ;
340  NAND  7  ;
343  NAND  1575  ;
351  NAND  460  ;
356  NAND  1699 1296 1480  ;
361  NAND  906  ;
365  NAND  810  ;
372  NAND  1334  ;
374  NAND  266  ;
378  NAND  277  ;
380  NAND  269  ;
384  NAND  1678  ;
385  NAND  435  ;
390  NAND  1699 869 1171  ;
396  NAND  763  ;
399  NAND  391 164  ;
400  NAND  445  ;
407  NAND  1243  ;
412  NAND  396  ;
419  NAND  569 620  ;
421  NAND  555  ;
422  NAND  855 51  ;
423  NAND  7  ;
428  NAND  622  ;
430  NAND  805 175  ;
432  NAND  1635  ;
434  NAND  1678  ;
435  NAND  779  ;
444  NAND  533  ;
445  NAND  1677 1740  ;
446  NAND  670  ;
453  NAND  120  ;
480  NAND  777  ;
486  NAND  560  ;
490  NAND  555  ;
492  NAND  361  ;
494  NAND  108  ;
495  NAND  1582  ;
497  NAND  500  ;
500  NAND  1841 669  ;
503  NAND  507  ;
507  NAND  491 1414  ;
511  NAND  947 188  ;
512  NAND  151 661  ;
516  NAND  1108 87  ;
527  NAND  1791 1623  ;
532  NAND  1726 1562  ;
537  NAND  444  ;
541  NAND  419  ;
542  NAND  232  ;
546  NAND  1047 211  ;
549  NAND  88  ;
552  NAND  1485 1629  ;
557  NAND  512  ;
563  NAND  555  ;
564  NAND  146  ;
565  NAND  171  ;
568  NAND  407  ;
571  NAND  1456  ;
574  NAND  1120 1228  ;
580  NAND  1421  ;
588  NAND  1108 87  ;
590  NAND  1209  ;
593  NAND  419  ;
605  NAND  108  ;
608  NAND  69 195  ;
610  NAND  794  ;
622  NAND  1329 123  ;
623  NAND  113 889  ;
624  NAND  1318  ;
628  NAND  1679 1785  ;
641  NAND  1057  ;
649  NAND  1074  ;
659  NAND  35  ;
662  NAND  82  ;
664  NAND  1574  ;
668  NAND  295  ;
670  NAND  538  ;
673  NAND  1298  ;
675  NAND  1242 1694 817 1259 1274 629  ;
681  NAND  82  ;
687  NAND  507  ;
694  NAND  532  ;
697  NAND  1289 1688  ;
702  NAND  1604  ;
703  NAND  146  ;
705  NAND  740  ;
707  NAND  1568  ;
708  NAND  789  ;
723  NAND  223  ;
729  NAND  111  ;
731  NAND  670  ;
738  NAND  1212 13  ;
748  NAND  1293 1718  ;
749  NAND  1350  ;
760  NAND  1209  ;
776  NAND  807  ;
777  NAND  685  ;
779  NAND  1682 96  ;
788  NAND  511  ;
796  NAND  1710  ;
801  NAND  42  ;
807  NAND  1460  ;
810  NAND  1647  ;
811  NAND  1245  ;
813  NAND  555  ;
830  NAND  1051 126  ;
835  NAND  1108 87  ;
840  NAND  512  ;
841  NAND  10  ;
852  NAND  435  ;
853  NAND  998  ;
861  NAND  1042  ;
864  NAND  1224  ;
868  NAND  1298  ;
879  NAND  908  ;
888  NAND  697  ;
892  NAND  1476  ;
900  NAND  1462  ;
908  NAND  1635  ;
912  NAND  500  ;
924  NAND  1300  ;
930  NAND  1610  ;
934  NAND  171  ;
935  NAND  1522 1511  ;
938  NAND  422  ;
947  NAND  232  ;
950  NAND  798  ;
961  NAND  396  ;
969  NAND  120  ;
975  NAND  1051 126  ;
980  NAND  351  ;
981  NAND  1224  ;
989  NAND  364  ;
994  NAND  1815  ;
996  NAND  247  ;
998  NAND  977 590  ;
1002  NAND  732  ;
1003  NAND  1369  ;
1008  NAND  1220  ;
1012  NAND  162  ;
1015  NAND  445  ;
1022  NAND  697  ;
1029  NAND  1055  ;
1032  NAND  1795  ;
1034  NAND  549  ;
1037  NAND  367 199  ;
1038  NAND  610  ;
1042  NAND  455  ;
1043  NAND  1681  ;
1047  NAND  1238  ;
1050  NAND  998  ;
1055  NAND  1552 1675  ;
1059  NAND  104  ;
1060  NAND  1755  ;
1066  NAND  399  ;
1068  NAND  1051 126  ;
1069  NAND  584  ;
1074  NAND  740  ;
1078  NAND  1055  ;
1079  NAND  810  ;
1082  NAND  1108 87  ;
1085  NAND  549  ;
1086  NAND  1108 87  ;
1095  NAND  444  ;
1102  NAND  1386  ;
1107  NAND  1094 1139  ;
1111  NAND  1113  ;
1113  NAND  1545  ;
1114  NAND  339  ;
1115  NAND  1582  ;
1123  NAND  1051 126  ;
1128  NAND  641  ;
1139  NAND  708  ;
1141  NAND  796  ;
1143  NAND  764 1436 254  ;
1157  NAND  222  ;
1162  NAND  555  ;
1166  NAND  1575  ;
1174  NAND  1864  ;
1180  NAND  1098 702  ;
1190  NAND  1755  ;
1197  NAND  1051 126  ;
1204  NAND  251 580  ;
1208  NAND  266  ;
1209  NAND  229  ;
1212  NAND  329  ;
1213  NAND  19 609  ;
1220  NAND  557 547  ;
1222  NAND  703  ;
1224  NAND  1264 1085  ;
1228  NAND  1451  ;
1232  NAND  1610  ;
1238  NAND  42  ;
1245  NAND  1528 1104  ;
1268  NAND  1338  ;
1271  NAND  1051 126  ;
1287  NAND  582 250 331 378  ;
1288  NAND  1220  ;
1289  NAND  1370  ;
1290  NAND  422  ;
1298  NAND  1611 224  ;
1300  NAND  488  ;
1305  NAND  1451  ;
1310  NAND  10  ;
1318  NAND  244  ;
1327  NAND  908  ;
1333  NAND  1107  ;
1334  NAND  1523 467  ;
1338  NAND  1124 913  ;
1340  NAND  430  ;
1341  NAND  748  ;
1343  NAND  1681  ;
1345  NAND  223  ;
1347  NAND  1069  ;
1350  NAND  1709  ;
1369  NAND  1435 1327  ;
1370  NAND  1825 1174  ;
1373  NAND  703  ;
1380  NAND  935  ;
1382  NAND  555  ;
1386  NAND  1096 434  ;
1409  NAND  162  ;
1414  NAND  950  ;
1421  NAND  447 1465  ;
1429  NAND  295  ;
1433  NAND  448 313  ;
1437  NAND  44  ;
1440  NAND  546  ;
1443  NAND  361  ;
1447  NAND  1808  ;
1451  NAND  1089  ;
1456  NAND  1272  ;
1458  NAND  628  ;
1462  NAND  1118  ;
1463  NAND  1180  ;
1465  NAND  1239 1152  ;
1470  NAND  1864  ;
1471  NAND  950  ;
1472  NAND  430  ;
1478  NAND  1350  ;
1482  NAND  111  ;
1484  NAND  738  ;
1505  NAND  623  ;
1506  NAND  1042  ;
1507  NAND  1113  ;
1508  NAND  555  ;
1510  NAND  532  ;
1519  NAND  1421  ;
1520  NAND  399  ;
1522  NAND  628  ;
1523  NAND  748  ;
1530  NAND  1107  ;
1532  NAND  329  ;
1535  NAND  1003 769  ;
1540  NAND  351  ;
1544  NAND  1334  ;
1546  NAND  1238  ;
1549  NAND  608  ;
1554  NAND  1069  ;
1562  NAND  641  ;
1568  NAND  927 1494  ;
1574  NAND  1374 540  ;
1575  NAND  1818  ;
1580  NAND  1462  ;
1581  NAND  574  ;
1582  NAND  1700 1784  ;
1602  NAND  879 635  ;
1604  NAND  1018  ;
1610  NAND  372 1871  ;
1612  NAND  297  ;
1632  NAND  382 1214 245 187 141 214 1068 830 1123 1271 812 601 86 21 1197 975  ;
1633  NAND  796  ;
1640  NAND  486  ;
1641  NAND  1108 87  ;
1644  NAND  1602  ;
1656  NAND  623  ;
1663  NAND  892  ;
1669  NAND  574  ;
1673  NAND  860  ;
1676  NAND  1447  ;
1677  NAND  664  ;
1678  NAND  692 1583  ;
1679  NAND  546  ;
1681  NAND  1164  ;
1699  NAND  744 1665  ;
1701  NAND  1037  ;
1717  NAND  1386  ;
1718  NAND  459 328  ;
1741  NAND  486  ;
1755  NAND  1413 1640  ;
1758  NAND  1535  ;
1770  NAND  1108 87  ;
1784  NAND  527  ;
1795  NAND  1505 655  ;
1802  NAND  1604  ;
1803  NAND  664  ;
1804  NAND  104  ;
1807  NAND  1318  ;
1815  NAND  1646  ;
1823  NAND  527  ;
1841  NAND  1213  ;
1848  NAND  1568  ;
1849  NAND  555  ;
1864  NAND  239 1341  ;
1  NOT  311  ;
9  NOT  1562  ;
13  NOT  1532  ;
15  NOT  175  ;
28  NOT  1644  ;
39  NOT  681  ;
40  NOT  1340  ;
47  NOT  1784  ;
59  NOT  1012  ;
62  NOT  557  ;
69  NOT  1268  ;
74  NOT  1482  ;
78  NOT  1478  ;
79  NOT  1246 206 1589  ;
80  NOT  1580  ;
90  NOT  687  ;
91  NOT  137 968 814  ;
93  NOT  1701  ;
94  NOT  788  ;
98  NOT  217  ;
109  NOT  1059  ;
110  NOT  1095  ;
114  NOT  131  ;
119  NOT  217 191  ;
134  NOT  1347  ;
148  NOT  1015  ;
152  NOT  492  ;
164  NOT  68 1081  ;
172  NOT  208  ;
176  NOT  1699  ;
179  NOT  236  ;
180  NOT  380  ;
181  NOT  981  ;
186  NOT  744 1665 582 250  ;
188  NOT  542  ;
201  NOT  811  ;
211  NOT  1546  ;
213  NOT  291  ;
216  NOT  649  ;
229  NOT  828 428  ;
231  NOT  65 389 1769 1736  ;
239  NOT  1523  ;
240  NOT  590  ;
244  NOT  861 1013  ;
249  NOT  1848  ;
251  NOT  1519  ;
253  NOT  113  ;
259  NOT  1378 100  ;
261  NOT  624  ;
262  NOT  852  ;
263  NOT  1574 552 779 279 1718 1465  ;
267  NOT  151  ;
268  NOT  286  ;
271  NOT  1699  ;
272  NOT  428  ;
276  NOT  537  ;
283  NOT  659  ;
289  NOT  930  ;
294  NOT  1165  ;
300  NOT  934  ;
301  NOT  1554  ;
302  NOT  571  ;
310  NOT  1029  ;
312  NOT  1050  ;
317  NOT  1640  ;
321  NOT  912  ;
323  NOT  1217 1638  ;
327  NOT  1530  ;
337  NOT  585 462  ;
341  NOT  529 873 355  ;
357  NOT  497  ;
359  NOT  900  ;
363  NOT  720  ;
367  NOT  994  ;
369  NOT  1443  ;
370  NOT  343  ;
376  NOT  1373  ;
392  NOT  494  ;
394  NOT  423  ;
395  NOT  729  ;
401  NOT  195  ;
403  NOT  480  ;
404  NOT  1228  ;
413  NOT  552  ;
418  NOT  309  ;
427  NOT  1045 1117 84 1496  ;
439  NOT  1289  ;
455  NOT  270  ;
457  NOT  331 135  ;
461  NOT  841  ;
463  NOT  731  ;
467  NOT  1341  ;
468  NOT  1510  ;
474  NOT  1841  ;
475  NOT  205  ;
478  NOT  676 881  ;
479  NOT  1717  ;
488  NOT  852 1571  ;
489  NOT  202 1185 325  ;
491  NOT  1471  ;
499  NOT  1804  ;
518  NOT  123  ;
543  NOT  1290  ;
547  NOT  840  ;
551  NOT  1343  ;
554  NOT  1079  ;
556  NOT  1549  ;
560  NOT  1803 575  ;
566  NOT  1581  ;
572  NOT  1022  ;
575  NOT  1677  ;
581  NOT  1008  ;
584  NOT  1437 518  ;
609  NOT  996  ;
612  NOT  412  ;
620  NOT  1725 1081  ;
630  NOT  1669  ;
634  NOT  1208  ;
635  NOT  1327  ;
637  NOT  1472  ;
639  NOT  868  ;
645  NOT  453  ;
655  NOT  1656  ;
661  NOT  1612  ;
665  NOT  32  ;
669  NOT  143  ;
677  NOT  1507  ;
684  NOT  19  ;
685  NOT  1699  ;
695  NOT  67  ;
711  NOT  1807  ;
713  NOT  1380  ;
714  NOT  864  ;
716  NOT  1043  ;
718  NOT  1222  ;
719  NOT  1139  ;
722  NOT  662  ;
727  NOT  947  ;
728  NOT  1003  ;
746  NOT  666 1099 1573  ;
765  NOT  1651 704  ;
769  NOT  230  ;
772  NOT  1414  ;
774  NOT  443 1434  ;
784  NOT  219 1501  ;
789  NOT  385 262  ;
794  NOT  178 315  ;
797  NOT  1463  ;
798  NOT  1479 577 736  ;
805  NOT  1038  ;
808  NOT  853  ;
809  NOT  1157  ;
828  NOT  167  ;
834  NOT  1060  ;
850  NOT  938  ;
851  NOT  673  ;
855  NOT  280  ;
857  NOT  483 1737 1746  ;
859  NOT  2  ;
865  NOT  400  ;
867  NOT  980  ;
871  NOT  1310  ;
880  NOT  1102  ;
883  NOT  372  ;
889  NOT  166  ;
891  NOT  776  ;
893  NOT  1540  ;
898  NOT  564 168 705 432 989 801  ;
899  NOT  193  ;
926  NOT  969  ;
928  NOT  365  ;
954  NOT  1174  ;
965  NOT  1166  ;
977  NOT  760  ;
987  NOT  749  ;
997  NOT  1665 1665  ;
999  NOT  723  ;
1006  NOT  157  ;
1007  NOT  715 1742  ;
1013  NOT  1506  ;
1018  NOT  159 1313  ;
1025  NOT  866 1599 60  ;
1039  NOT  707  ;
1057  NOT  860  ;
1064  NOT  335 1850 362  ;
1080  NOT  1047  ;
1089  NOT  167 272  ;
1094  NOT  45  ;
1096  NOT  384  ;
1098  NOT  1802  ;
1104  NOT  1420 1613  ;
1112  NOT  224  ;
1118  NOT  1699  ;
1120  NOT  1305  ;
1125  NOT  106 218 169 140 115 1732  ;
1145  NOT  446  ;
1154  NOT  1429  ;
1158  NOT  199  ;
1164  NOT  615 153  ;
1171  NOT  704  ;
1173  NOT  1212  ;
1175  NOT  243  ;
1181  NOT  248  ;
1205  NOT  378 1673  ;
1219  NOT  580  ;
1240  NOT  861  ;
1264  NOT  1034  ;
1272  NOT  1699  ;
1273  NOT  374  ;
1277  NOT  1663  ;
1278  NOT  1190  ;
1285  NOT  1333  ;
1297  NOT  791 204  ;
1302  NOT  1198 99 1218  ;
1306  NOT  503  ;
1322  NOT  155  ;
1324  NOT  1032  ;
1325  NOT  924  ;
1329  NOT  1437  ;
1332  NOT  1520  ;
1336  NOT  298  ;
1344  NOT  1522  ;
1346  NOT  605  ;
1351  NOT  106 140  ;
1358  NOT  702  ;
1363  NOT  593  ;
1393  NOT  1409  ;
1412  NOT  1111  ;
1413  NOT  1741  ;
1428  NOT  1612 267  ;
1435  NOT  879  ;
1448  NOT  1141  ;
1460  NOT  1699  ;
1480  NOT  976  ;
1488  NOT  51  ;
1494  NOT  145 976  ;
1498  NOT  1066  ;
1511  NOT  1458  ;
1518  NOT  434  ;
1537  NOT  1317 1142  ;
1555  NOT  255  ;
1557  NOT  1758  ;
1558  NOT  1505  ;
1570  NOT  1078  ;
1571  NOT  385  ;
1576  NOT  1484  ;
1595  NOT  1676  ;
1601  NOT  1633  ;
1605  NOT  1345  ;
1608  NOT  1438 190  ;
1611  NOT  1114  ;
1642  NOT  133  ;
1660  NOT  888  ;
1671  NOT  1085  ;
1675  NOT  322 1613  ;
1680  NOT  340  ;
1687  NOT  57  ;
1688  NOT  102  ;
1700  NOT  1823  ;
1703  NOT  1115  ;
1707  NOT  290  ;
1709  NOT  423 1680  ;
1711  NOT  495  ;
1724  NOT  694  ;
1726  NOT  1128  ;
1729  NOT  568  ;
1731  NOT  668  ;
1740  NOT  1803  ;
1743  NOT  1288  ;
1747  NOT  961  ;
1761  NOT  1679  ;
1779  NOT  541  ;
1785  NOT  1440  ;
1825  NOT  1470  ;
1856  NOT  1232  ;
1861  NOT  565  ;
1871  NOT  1544  ;
1395  NOR  182  ;
2  NAND  35  ;
7  NAND  413  ;
10  NAND  176  ;
19  NAND  247  ;
21  NAND  1051 126  ;
27  NAND  1108 87  ;
32  NAND  407  ;
35  NAND  607  ;
42  AND  1835  ;
44  NAND  667 279  ;
45  NAND  708  ;
51  NAND  1143  ;
57  NAND  1037  ;
67  NAND  608  ;
68  AND  382 141 1382 214 1271 316 1641  ;
82  NAND  964  ;
85  AND  1145 731  ;
86  AND  928 1079  ;
87  NAND  720  ;
102  NAND  1370  ;
104  NAND  878 765  ;
106  AND  788 114  ;
108  NAND  383  ;
111  NAND  613  ;
113  NAND  1204  ;
115  AND  663 962  ;
120  NAND  1225  ;
123  NAND  44  ;
126  NAND  1165  ;
131  NAND  511  ;
133  NAND  935  ;
135  NAND  270  ;
140  AND  1121 41  ;
141  AND  74 729  ;
143  NAND  1213  ;
145  AND  382 1214 245 187 1849 1382 1162 490 813 1508 214 1068 830 1123  ;
146  AND  265  ;
151  NAND  297  ;
155  NAND  1602  ;
157  NAND  1245  ;
162  NAND  1428  ;
166  NAND  1204  ;
167  NAND  622  ;
168  NAND  607  ;
169  AND  1519 1219  ;
171  NAND  987 1478  ;
175  NAND  610  ;
187  AND  612 961  ;
191  NAND  209 390 454  ;
193  NAND  807  ;
195  NAND  1338  ;
199  NAND  1815  ;
205  NAND  1447  ;
208  NAND  1300  ;
209  NAND  472 1572  ;
214  NAND  1051 126  ;
217  NAND  1433 356 536  ;
218  AND  1347 301  ;
222  NAND  1393 1012  ;
223  NAND  1015 865  ;
224  NAND  339  ;
230  NAND  1369  ;
232  NAND  1470 954  ;
236  NAND  777  ;
243  NAND  1074  ;
245  AND  893 980  ;
247  NAND  1240 1506  ;
248  NAND  738  ;
250  NAND  1632 277  ;
255  NAND  222  ;
266  NAND  309 1557  ;
269  NAND  271  ;
270  AND  864 181  ;
277  NAND  1512 1730 85 717 1082 835 1086 588 316 1254 307 324 1641 1770 27 516  ;
279  NAND  379 165  ;
280  NAND  1143  ;
286  NAND  1180  ;
288  NAND  1588  ;
290  NAND  892  ;
291  NAND  1795  ;
295  NAND  364  ;
297  NAND  668 1154  ;
298  NAND  1456  ;
307  AND  645 969  ;
309  NAND  1535  ;
311  NAND  269  ;
316  AND  110 537  ;
322  AND  245 85 1162 830 1086 86 1254 975 1770  ;
324  AND  722 681  ;
329  NAND  166 253  ;
331  NAND  1632  ;
339  NAND  1537  ;
340  NAND  7  ;
343  NAND  1575  ;
351  NAND  460  ;
356  NAND  1699 1296 1480  ;
361  NAND  906  ;
364  AND  375  ;
365  NAND  810  ;
372  NAND  1334  ;
374  NAND  266  ;
378  NAND  277  ;
380  NAND  269  ;
382  AND  1707 1663  ;
384  NAND  1678  ;
385  NAND  435  ;
390  NAND  1699 869 1171  ;
396  NAND  763  ;
399  NAND  391 164  ;
400  NAND  445  ;
407  NAND  1243  ;
412  NAND  396  ;
419  NAND  569 620  ;
421  NAND  555  ;
422  NAND  855 51  ;
423  NAND  7  ;
428  NAND  622  ;
430  NAND  805 175  ;
432  NAND  1635  ;
434  NAND  1678  ;
435  NAND  779  ;
444  NAND  533  ;
445  NAND  1677 1740  ;
446  NAND  670  ;
453  NAND  120  ;
454  AND  1694  ;
480  NAND  777  ;
486  NAND  560  ;
490  NAND  555  ;
492  NAND  361  ;
494  NAND  108  ;
495  NAND  1582  ;
497  NAND  500  ;
500  NAND  1841 669  ;
503  NAND  507  ;
507  NAND  491 1414  ;
511  NAND  947 188  ;
512  NAND  151 661  ;
516  NAND  1108 87  ;
527  NAND  1791 1623  ;
532  NAND  1726 1562  ;
536  AND  629  ;
537  NAND  444  ;
541  NAND  419  ;
542  NAND  232  ;
546  NAND  1047 211  ;
549  NAND  88  ;
552  NAND  1485 1629  ;
555  AND  833  ;
557  NAND  512  ;
563  NAND  555  ;
564  NAND  146  ;
565  NAND  171  ;
568  NAND  407  ;
571  NAND  1456  ;
574  NAND  1120 1228  ;
580  NAND  1421  ;
582  AND  563 1849 1382 1162 490 813 1508 421  ;
588  NAND  1108 87  ;
590  NAND  1209  ;
593  NAND  419  ;
601  AND  665 568  ;
605  NAND  108  ;
607  AND  1697  ;
608  NAND  69 195  ;
610  NAND  794  ;
622  NAND  1329 123  ;
623  NAND  113 889  ;
624  NAND  1318  ;
628  NAND  1679 1785  ;
629  AND  1080 1546  ;
641  NAND  1057  ;
649  NAND  1074  ;
659  NAND  35  ;
662  NAND  82  ;
664  NAND  1574  ;
668  NAND  295  ;
670  NAND  538  ;
673  NAND  1298  ;
675  NAND  1242 1694 817 1259 1274 629  ;
681  NAND  82  ;
687  NAND  507  ;
694  NAND  532  ;
697  NAND  1289 1688  ;
702  NAND  1604  ;
703  NAND  146  ;
704  AND  1849  ;
705  NAND  740  ;
707  NAND  1568  ;
708  NAND  789  ;
717  AND  965 343  ;
720  AND  93 57  ;
723  NAND  223  ;
729  NAND  111  ;
731  NAND  670  ;
732  AND  1034 1671  ;
738  NAND  1212 13  ;
740  AND  897  ;
744  AND  1395  ;
748  NAND  1293 1718  ;
749  NAND  1350  ;
760  NAND  1209  ;
776  NAND  807  ;
777  NAND  685  ;
779  NAND  1682 96  ;
788  NAND  511  ;
796  NAND  1710  ;
801  NAND  42  ;
807  NAND  1460  ;
810  NAND  1647  ;
811  NAND  1245  ;
812  AND  152 1443  ;
813  NAND  555  ;
817  AND  859 659  ;
830  NAND  1051 126  ;
833  AND  744  ;
835  NAND  1108 87  ;
840  NAND  512  ;
841  NAND  10  ;
852  NAND  435  ;
853  NAND  998  ;
860  AND  1701 1687  ;
861  NAND  1042  ;
864  NAND  1224  ;
868  NAND  1298  ;
878  AND  1131 260  ;
879  NAND  908  ;
886  AND  1512 1082 601 1197  ;
888  NAND  697  ;
892  NAND  1476  ;
900  NAND  1462  ;
908  NAND  1635  ;
912  NAND  500  ;
924  NAND  1300  ;
927  AND  177 305  ;
930  NAND  1610  ;
934  NAND  171  ;
935  NAND  1522 1511  ;
938  NAND  422  ;
947  NAND  232  ;
950  NAND  798  ;
961  NAND  396  ;
969  NAND  120  ;
975  NAND  1051 126  ;
976  AND  563  ;
980  NAND  351  ;
981  NAND  1224  ;
989  NAND  364  ;
994  NAND  1815  ;
996  NAND  247  ;
998  NAND  977 590  ;
1002  NAND  732  ;
1003  NAND  1369  ;
1008  NAND  1220  ;
1012  NAND  162  ;
1015  NAND  445  ;
1022  NAND  697  ;
1029  NAND  1055  ;
1032  NAND  1795  ;
1034  NAND  549  ;
1037  NAND  367 199  ;
1038  NAND  610  ;
1042  NAND  455  ;
1043  NAND  1681  ;
1047  NAND  1238  ;
1050  NAND  998  ;
1051  AND  675 833  ;
1055  NAND  1552 1675  ;
1059  NAND  104  ;
1060  NAND  1755  ;
1066  NAND  399  ;
1068  NAND  1051 126  ;
1069  NAND  584  ;
1074  NAND  740  ;
1078  NAND  1055  ;
1079  NAND  810  ;
1081  AND  1512 563 1849 1162 490 1508 421 1082 1254 307 1770 27  ;
1082  NAND  1108 87  ;
1085  NAND  549  ;
1086  NAND  1108 87  ;
1095  NAND  444  ;
1102  NAND  1386  ;
1107  NAND  1094 1139  ;
1108  AND  675 833  ;
1111  NAND  1113  ;
1113  NAND  1545  ;
1114  NAND  339  ;
1115  NAND  1582  ;
1123  NAND  1051 126  ;
1128  NAND  641  ;
1139  NAND  708  ;
1141  NAND  796  ;
1143  NAND  764 1436 254  ;
1157  NAND  222  ;
1162  NAND  555  ;
1165  AND  714 981  ;
1166  NAND  1575  ;
1174  NAND  1864  ;
1180  NAND  1098 702  ;
1190  NAND  1755  ;
1197  NAND  1051 126  ;
1204  NAND  251 580  ;
1208  NAND  266  ;
1209  NAND  229  ;
1212  NAND  329  ;
1213  NAND  19 609  ;
1214  AND  1412 1507  ;
1220  NAND  557 547  ;
1222  NAND  703  ;
1224  NAND  1264 1085  ;
1228  NAND  1451  ;
1232  NAND  1610  ;
1238  NAND  42  ;
1242  AND  230 728  ;
1245  NAND  1528 1104  ;
1254  AND  475 1676  ;
1259  AND  216 243  ;
1268  NAND  1338  ;
1271  NAND  1051 126  ;
1274  AND  1731 1429  ;
1287  NAND  582 250 331 378  ;
1288  NAND  1220  ;
1289  NAND  1370  ;
1290  NAND  422  ;
1298  NAND  1611 224  ;
1300  NAND  488  ;
1305  NAND  1451  ;
1310  NAND  10  ;
1318  NAND  244  ;
1327  NAND  908  ;
1333  NAND  1107  ;
1334  NAND  1523 467  ;
1338  NAND  1124 913  ;
1340  NAND  430  ;
1341  NAND  748  ;
1343  NAND  1681  ;
1345  NAND  223  ;
1347  NAND  1069  ;
1350  NAND  1709  ;
1369  NAND  1435 1327  ;
1370  NAND  1825 1174  ;
1373  NAND  703  ;
1380  NAND  935  ;
1382  NAND  555  ;
1386  NAND  1096 434  ;
1400  AND  1214 1730 1068 835 812 86 21 975  ;
1409  NAND  162  ;
1414  NAND  950  ;
1420  AND  382 187 141 717 490 214 1123 1271 588 812 307 21 27  ;
1421  NAND  447 1465  ;
1429  NAND  295  ;
1433  NAND  448 313  ;
1437  NAND  44  ;
1440  NAND  546  ;
1443  NAND  361  ;
1447  NAND  1808  ;
1451  NAND  1089  ;
1456  NAND  1272  ;
1458  NAND  628  ;
1462  NAND  1118  ;
1463  NAND  1180  ;
1465  NAND  1239 1152  ;
1470  NAND  1864  ;
1471  NAND  950  ;
1472  NAND  430  ;
1478  NAND  1350  ;
1482  NAND  111  ;
1484  NAND  738  ;
1505  NAND  623  ;
1506  NAND  1042  ;
1507  NAND  1113  ;
1508  NAND  555  ;
1510  NAND  532  ;
1512  AND  1601 1141  ;
1519  NAND  1421  ;
1520  NAND  399  ;
1522  NAND  628  ;
1523  NAND  748  ;
1530  NAND  1107  ;
1532  NAND  329  ;
1535  NAND  1003 769  ;
1540  NAND  351  ;
1544  NAND  1334  ;
1546  NAND  1238  ;
1549  NAND  608  ;
1554  NAND  1069  ;
1562  NAND  641  ;
1568  NAND  927 1494  ;
1574  NAND  1374 540  ;
1575  NAND  1818  ;
1580  NAND  1462  ;
1581  NAND  574  ;
1582  NAND  1700 1784  ;
1588  AND  994 1158  ;
1602  NAND  879 635  ;
1604  NAND  1018  ;
1610  NAND  372 1871  ;
1612  NAND  297  ;
1613  AND  1214 1730 563 1382 813 1508 421 1068 835 316 324 1641 516  ;
1632  NAND  382 1214 245 187 141 214 1068 830 1123 1271 812 601 86 21 1197 975  ;
1633  NAND  796  ;
1635  AND  521  ;
1640  NAND  486  ;
1641  NAND  1108 87  ;
1644  NAND  1602  ;
1651  AND  141 1512 1730 85 717 563 1382 1162 490 813 421 1271 1082 835 1086 588  ;
1656  NAND  623  ;
1663  NAND  892  ;
1665  AND  1395  ;
1669  NAND  574  ;
1673  NAND  860  ;
1676  NAND  1447  ;
1677  NAND  664  ;
1678  NAND  692 1583  ;
1679  NAND  546  ;
1681  NAND  1164  ;
1694  AND  376 1222  ;
1699  NAND  744 1665  ;
1701  NAND  1037  ;
1717  NAND  1386  ;
1718  NAND  459 328  ;
1725  AND  245 187 85 717 813 830 1123 1086 588 601 324 1197 516  ;
1730  AND  392 605  ;
1732  AND  344 1241  ;
1741  NAND  486  ;
1755  NAND  1413 1640  ;
1758  NAND  1535  ;
1770  NAND  1108 87  ;
1784  NAND  527  ;
1795  NAND  1505 655  ;
1802  NAND  1604  ;
1803  NAND  664  ;
1804  NAND  104  ;
1807  NAND  1318  ;
1815  NAND  1646  ;
1823  NAND  527  ;
1841  NAND  1213  ;
1848  NAND  1568  ;
1849  NAND  555  ;
1864  NAND  239 1341  ;
4  BUF  938 543  ;
31  BUF  32 1729  ;
41  BUF  1644 1322  ;
49  BUF  1115 1711  ;
53  BUF  133 713  ;
60  BUF  1445 1396  ;
65  BUF  1157 1555  ;
84  BUF  1807 261  ;
96  BUF  1498 1520  ;
99  BUF  930 1856  ;
100  BUF  1705 49  ;
118  BUF  191 1287  ;
137  BUF  687 1306  ;
153  BUF  384 1518  ;
159  BUF  684 996  ;
165  BUF  1779 593  ;
177  BUF  141 1512 1730 85 421 1271 1082 835 1086 812 601 86 21 1197 975  ;
178  BUF  468 694  ;
190  BUF  1556 273  ;
192  BUF  1038 15  ;
200  BUF  760 240  ;
202  BUF  1463 268  ;
204  BUF  1368 1010  ;
206  BUF  1484 1181  ;
219  BUF  1310 461  ;
234  BUF  365 554  ;
237  BUF  143 474  ;
241  BUF  331 378  ;
254  BUF  756 902  ;
260  BUF  86 316 1254 307 324 975 1641 1770 27 516  ;
273  BUF  497 321  ;
305  BUF  717 588 316 1254 307 324 1641 1770 27 516  ;
313  BUF  1848 1039  ;
315  BUF  880 1717  ;
325  BUF  200 1063  ;
328  BUF  1570 1029  ;
335  BUF  248 1576  ;
338  BUF  853 312  ;
344  BUF  749 78  ;
354  BUF  1111 677  ;
355  BUF  192 632  ;
362  BUF  1076 4  ;
379  BUF  403 236  ;
389  BUF  723 1605  ;
391  BUF  1400 1725  ;
408  BUF  840 62  ;
429  BUF  732 1588  ;
442  BUF  564 168 705 432 989 801  ;
443  BUF  1032 213  ;
447  BUF  2 283  ;
448  BUF  776 899  ;
459  BUF  871 841  ;
462  BUF  1381 237  ;
472  BUF  480 179  ;
483  BUF  1472 40  ;
484  BUF  1242 1694 817 1259 1274 629  ;
525  BUF  888 572  ;
529  BUF  924 172  ;
540  BUF  109 1804  ;
569  BUF  1400 68  ;
577  BUF  1208 1273  ;
585  BUF  542 727  ;
591  BUF  218 169  ;
615  BUF  1128 9  ;
632  BUF  1823 47  ;
640  BUF  1190 834  ;
653  BUF  453 926  ;
663  BUF  1409 59  ;
666  BUF  1581 630  ;
667  BUF  1373 718  ;
676  BUF  900 80  ;
678  BUF  1633 1448  ;
688  BUF  205 1595  ;
692  BUF  1440 1761  ;
715  BUF  298 302  ;
736  BUF  1407 408  ;
753  BUF  494 1346  ;
756  BUF  1530 1285  ;
764  BUF  300 565  ;
791  BUF  1232 289  ;
814  BUF  1554 134  ;
858  BUF  582 250  ;
866  BUF  624 711  ;
869  BUF  1651 878  ;
873  BUF  155 28  ;
881  BUF  1066 1332  ;
902  BUF  374 634  ;
913  BUF  1102 479  ;
962  BUF  400 148  ;
968  BUF  912 357  ;
984  BUF  1802 1358  ;
1005  BUF  868 851  ;
1010  BUF  1268 401  ;
1045  BUF  1050 808  ;
1054  BUF  1549 695  ;
1063  BUF  102 439  ;
1067  BUF  280 1488  ;
1076  BUF  286 797  ;
1099  BUF  673 639  ;
1117  BUF  1022 1660  ;
1121  BUF  208 1325  ;
1124  BUF  1510 1724  ;
1131  BUF  382 1214 245 187 1508 214 1068 830 1123 812 601 21 1197  ;
1142  BUF  1758 418  ;
1152  BUF  1006 811  ;
1170  BUF  662 39  ;
1172  BUF  446 463  ;
1182  BUF  492 369  ;
1185  BUF  1290 850  ;
1198  BUF  291 1324  ;
1217  BUF  311 180  ;
1218  BUF  1343 716  ;
1239  BUF  1336 571  ;
1241  BUF  1458 1344  ;
1246  BUF  1669 566  ;
1293  BUF  649 1175  ;
1296  BUF  145 927  ;
1313  BUF  640 1495  ;
1317  BUF  45 719  ;
1368  BUF  1114 1112  ;
1374  BUF  1 380  ;
1378  BUF  1544 883  ;
1381  BUF  1471 772  ;
1383  BUF  331 378 135 1673  ;
1389  BUF  290 1277  ;
1396  BUF  1345 999  ;
1407  BUF  1741 317  ;
1434  BUF  1005 1054  ;
1436  BUF  1642 1380  ;
1438  BUF  1532 1173  ;
1445  BUF  255 809  ;
1477  BUF  412 1747  ;
1479  BUF  1333 327  ;
1485  BUF  891 193  ;
1490  BUF  1540 867  ;
1495  BUF  1288 581  ;
1496  BUF  1567 53  ;
1501  BUF  1078 310  ;
1503  BUF  1482 395  ;
1528  BUF  886 322  ;
1552  BUF  886 1420  ;
1556  BUF  503 90  ;
1567  BUF  934 1861  ;
1572  BUF  541 1363  ;
1573  BUF  67 556  ;
1583  BUF  340 394  ;
1589  BUF  984 1067  ;
1599  BUF  338 525  ;
1623  BUF  1008 1743  ;
1629  BUF  249 707  ;
1638  BUF  1059 499  ;
1682  BUF  359 1580  ;
1705  BUF  1340 637  ;
1736  BUF  1043 551  ;
1737  BUF  495 1703  ;
1742  BUF  157 201  ;
1746  BUF  1656 1558  ;
1769  BUF  1305 404  ;
1791  BUF  1060 1278  ;
1799  BUF  1166 370  ;
1837  BUF  1095 276  ;
1850  BUF  131 94  ;
1395  NOR  182  ;
